2 0.792969 0.503906 0.054688 0.054688
5 0.621094 0.460938 0.148438 0.093750
1 0.441406 0.500000 0.039062 0.031250
6 0.453125 0.429688 0.187500 0.156250
2 0.355469 0.500000 0.023438 0.031250
1 0.335938 0.496094 0.015625 0.023438
6 0.320312 0.464844 0.078125 0.070312
1 0.234375 0.492188 0.015625 0.015625
0 0.207031 0.496094 0.023438 0.023438
0 0.121094 0.503906 0.023438 0.023438
3 0.125000 0.472656 0.062500 0.070312
2 0.066406 0.496094 0.023438 0.023438
2 0.148438 0.496094 0.015625 0.023438
6 0.054688 0.453125 0.093750 0.109375
