1 0.707031 0.496094 0.023438 0.023438
1 0.867188 0.500000 0.015625 0.015625
6 0.937500 0.421875 0.125000 0.171875
6 0.792969 0.449219 0.117188 0.101562
6 0.328125 0.437500 0.171875 0.140625
6 0.605469 0.464844 0.085938 0.070312
2 0.519531 0.500000 0.023438 0.031250
2 0.472656 0.496094 0.023438 0.023438
2 0.312500 0.519531 0.062500 0.054688
0 0.117188 0.496094 0.031250 0.023438
0 0.058594 0.496094 0.023438 0.023438
0 0.429688 0.503906 0.031250 0.039062
1 0.230469 0.496094 0.023438 0.023438
1 0.558594 0.500000 0.023438 0.015625
