0 0.242188 0.507812 0.062500 0.046875
0 0.332031 0.507812 0.023438 0.031250
0 0.496094 0.500000 0.023438 0.015625
0 0.609375 0.500000 0.015625 0.015625
0 0.671875 0.500000 0.015625 0.015625
0 0.730469 0.496094 0.023438 0.023438
1 0.804688 0.500000 0.015625 0.015625
6 0.871094 0.457031 0.117188 0.101562
2 0.945312 0.503906 0.015625 0.007812
3 0.953125 0.472656 0.046875 0.070312
6 0.988281 0.429688 0.023438 0.171875
6 0.667969 0.464844 0.070312 0.070312
4 0.437500 0.464844 0.265625 0.070312
6 0.406250 0.445312 0.171875 0.125000
