6 0.953125 0.433594 0.093750 0.132812
5 0.824219 0.460938 0.164062 0.093750
2 0.609375 0.496094 0.031250 0.023438
1 0.566406 0.500000 0.023438 0.015625
6 0.609375 0.464844 0.093750 0.070312
6 0.496094 0.460938 0.054688 0.109375
6 0.378906 0.421875 0.195312 0.203125
1 0.257812 0.503906 0.015625 0.007812
1 0.238281 0.500000 0.023438 0.015625
1 0.207031 0.500000 0.023438 0.015625
3 0.246094 0.472656 0.070312 0.070312
4 0.046875 0.453125 0.031250 0.109375
6 0.023438 0.277344 0.031250 0.539062
6 0.078125 0.464844 0.031250 0.070312
