0 0.898438 0.503906 0.015625 0.007812
6 0.933594 0.460938 0.101562 0.078125
1 0.835938 0.500000 0.015625 0.015625
0 0.804688 0.500000 0.015625 0.015625
0 0.785156 0.503906 0.007812 0.007812
0 0.761719 0.503906 0.023438 0.023438
2 0.742188 0.500000 0.015625 0.015625
3 0.632812 0.464844 0.234375 0.085938
1 0.582031 0.511719 0.039062 0.039062
6 0.656250 0.453125 0.109375 0.109375
2 0.484375 0.500000 0.031250 0.031250
0 0.441406 0.503906 0.023438 0.023438
1 0.386719 0.496094 0.023438 0.023438
6 0.281250 0.417969 0.203125 0.195312
4 0.093750 0.453125 0.171875 0.109375
