2 0.988281 0.500000 0.007812 0.015625
1 0.953125 0.500000 0.015625 0.015625
6 0.843750 0.453125 0.109375 0.109375
3 0.878906 0.472656 0.242188 0.070312
0 0.722656 0.503906 0.023438 0.023438
6 0.593750 0.464844 0.093750 0.070312
1 0.636719 0.500000 0.023438 0.015625
2 0.613281 0.500000 0.007812 0.015625
0 0.597656 0.500000 0.023438 0.015625
2 0.417969 0.500000 0.039062 0.031250
1 0.351562 0.507812 0.031250 0.031250
6 0.375000 0.429688 0.203125 0.156250
4 0.367188 0.457031 0.281250 0.085938
0 0.031250 0.507812 0.031250 0.031250
