6 0.968750 0.464844 0.062500 0.085938
2 0.828125 0.496094 0.031250 0.023438
6 0.710938 0.414062 0.203125 0.187500
6 0.570312 0.453125 0.093750 0.109375
2 0.496094 0.500000 0.007812 0.015625
1 0.468750 0.496094 0.015625 0.023438
2 0.390625 0.503906 0.046875 0.039062
6 0.402344 0.468750 0.085938 0.062500
0 0.421875 0.500000 0.015625 0.015625
1 0.238281 0.500000 0.023438 0.015625
4 0.214844 0.464844 0.148438 0.085938
0 0.183594 0.507812 0.039062 0.031250
0 0.019531 0.527344 0.023438 0.070312
6 0.074219 0.437500 0.132812 0.140625
