5 0.937500 0.445312 0.125000 0.125000
6 0.832031 0.457031 0.101562 0.085938
2 0.730469 0.500000 0.023438 0.031250
6 0.621094 0.417969 0.195312 0.195312
3 0.511719 0.476562 0.039062 0.062500
2 0.441406 0.496094 0.023438 0.023438
6 0.441406 0.453125 0.117188 0.109375
1 0.367188 0.500000 0.046875 0.031250
0 0.300781 0.496094 0.023438 0.023438
2 0.210938 0.503906 0.031250 0.023438
0 0.062500 0.503906 0.031250 0.023438
0 0.097656 0.496094 0.023438 0.023438
6 0.242188 0.460938 0.093750 0.078125
4 0.066406 0.460938 0.117188 0.093750
