6 0.929688 0.425781 0.140625 0.195312
2 0.910156 0.511719 0.039062 0.039062
0 0.761719 0.496094 0.023438 0.023438
3 0.726562 0.468750 0.234375 0.062500
6 0.675781 0.460938 0.117188 0.093750
0 0.625000 0.500000 0.031250 0.015625
0 0.585938 0.503906 0.046875 0.039062
0 0.488281 0.496094 0.023438 0.023438
6 0.457031 0.468750 0.085938 0.062500
1 0.375000 0.500000 0.031250 0.031250
1 0.179688 0.503906 0.046875 0.039062
2 0.070312 0.500000 0.031250 0.031250
6 0.203125 0.433594 0.187500 0.148438
4 0.218750 0.464844 0.296875 0.085938
